['metric', 'genotypes', 'statistic', 'pvalue']
['Hunch_duration', ['FCF_attP2@UAS_Abeta40_116', 'FCF_attP2@UAS_Abeta42_117', 'GMR_61D08@UAS_Abeta40_116', 'GMR_61D08@UAS_Abeta42_117'], 21.250289685533424, 2.4297311714592914e-05]
              1             2         3             4
1  1.000000e+00  9.292805e-01  0.000019  7.046559e-13
2  9.292805e-01  1.000000e+00  0.000087  5.093445e-11
3  1.893525e-05  8.729310e-05  1.000000  2.643491e-02
4  7.046559e-13  5.093445e-11  0.026435  1.000000e+00
['Bend_duration', ['FCF_attP2@UAS_Abeta40_116', 'FCF_attP2@UAS_Abeta42_117', 'GMR_61D08@UAS_Abeta40_116', 'GMR_61D08@UAS_Abeta42_117'], 10.071484471648473, 0.006501370775186045]
          1         2         3         4
1  1.000000  0.593463  0.007321  0.325419
2  0.593463  1.000000  0.002888  0.160596
3  0.007321  0.002888  1.000000  0.101947
4  0.325419  0.160596  0.031947  1.000000
